c FILE: yuzSHP55.aco
c
c SOURCE: Yu.Zorin (yzorin@gmail.com)
c
c DESCRIPTION: Random graph instance generated for semester project
c				for AI course
c first line after comment (p) gives problem's size  
c 
p 55 
i 0 1 0 210 188 0 144 0 163 0 0 0 0 46 113 271 266 0 261 0 234 42 256 0 0 124 148 169 148 232 121 197 164 207 262 126 215 0 265 26 29 0 156 189 205 142 241 229 146 142 218 41 243 62 262 
i 1 0 1 89 0 45 114 61 3 11 33 36 0 107 35 110 30 0 0 0 0 177 29 66 28 0 263 225 201 0 29 64 0 90 38 17 105 273 170 174 52 187 257 170 169 27 3 208 34 69 41 67 254 0 265 
i 0 1 0 212 239 56 0 107 49 19 0 42 267 257 0 243 0 90 177 240 79 69 206 179 170 0 175 233 167 260 0 0 38 259 123 0 0 0 268 201 8 0 0 163 23 0 47 0 0 136 62 143 30 107 1 
i 210 89 212 0 136 154 0 200 73 0 98 0 116 49 0 0 0 246 183 0 65 0 162 155 0 22 199 95 171 49 264 270 40 0 107 10 95 0 212 227 266 0 40 41 11 2 212 147 0 87 18 18 170 59 266 
i 188 0 239 136 0 0 130 70 126 193 209 222 199 157 35 0 58 240 131 190 0 267 0 55 228 217 0 231 235 194 42 56 91 69 115 218 52 111 0 53 47 107 200 235 161 86 93 24 145 0 168 267 224 21 13 
i 0 45 56 154 0 0 53 217 101 207 0 0 146 0 48 48 58 213 4 0 121 136 52 63 252 0 201 0 136 0 253 54 0 201 142 0 46 157 135 254 256 251 0 0 151 188 0 0 0 256 22 48 40 140 14 
i 144 114 0 0 130 53 0 14 22 171 184 0 275 0 193 75 129 0 274 0 93 149 3 0 0 66 135 79 37 0 0 189 244 68 103 256 178 0 244 272 204 33 259 181 275 220 0 179 63 188 77 93 120 169 69 
i 0 61 107 200 70 217 14 0 0 0 63 83 57 197 31 107 242 137 197 29 123 108 0 7 0 98 175 28 93 76 54 0 188 0 36 0 90 247 74 228 196 0 26 0 41 218 159 0 0 39 10 0 0 82 147 
i 163 3 49 73 126 101 22 0 0 83 0 113 0 0 114 0 217 0 93 194 96 122 125 0 0 42 103 253 0 0 20 188 207 0 77 260 0 129 180 175 108 179 27 0 54 0 9 127 259 0 188 120 32 123 254 
i 0 11 19 0 193 207 171 0 83 0 146 0 163 113 251 252 0 0 260 260 195 217 187 231 4 226 57 117 181 162 124 0 0 80 174 0 97 120 9 253 0 67 104 0 14 175 103 0 143 14 61 2 102 189 0 
i 0 33 0 98 209 0 184 63 0 146 0 0 117 1 257 175 130 165 117 265 200 149 56 171 267 0 87 131 88 209 0 31 0 164 0 0 230 171 0 0 242 142 39 224 0 61 0 248 0 0 168 126 162 132 0 
i 0 36 42 0 222 0 0 83 113 0 0 0 255 0 0 219 0 0 0 0 61 147 30 114 21 0 0 168 37 77 3 138 117 0 0 223 145 183 97 69 212 89 203 210 249 163 0 179 255 69 179 244 168 53 0 
i 0 0 267 116 199 146 275 57 0 163 117 255 0 0 176 30 239 133 165 0 193 185 252 27 189 23 0 115 152 0 266 207 83 188 51 0 103 194 272 144 137 0 222 0 20 85 44 186 250 75 0 60 186 0 57 
i 46 107 257 49 157 0 0 197 0 113 1 0 0 0 45 100 143 122 0 14 168 85 107 0 63 0 0 247 65 81 165 114 251 4 154 0 194 0 27 127 0 161 88 202 0 112 208 19 78 25 44 80 194 0 215 
i 113 35 0 0 35 48 193 31 114 251 257 0 176 45 0 45 4 186 247 9 105 47 275 0 143 261 230 165 40 70 0 239 0 244 130 18 239 56 120 128 236 0 0 0 126 97 0 193 112 32 19 0 0 73 126 
i 271 110 243 0 0 48 75 107 0 252 175 219 30 100 45 0 164 0 0 204 0 234 202 0 50 89 0 0 186 15 141 0 56 171 0 162 85 102 0 0 114 249 0 0 0 31 225 214 225 0 243 0 264 266 250 
i 266 30 0 0 58 58 129 242 217 0 130 0 239 143 4 164 0 15 179 0 262 92 121 47 81 220 118 224 71 77 258 6 40 0 34 0 53 195 237 26 147 203 0 256 24 261 49 83 249 0 186 111 182 111 152 
i 0 0 90 246 240 213 0 137 0 0 165 0 133 122 186 0 15 0 81 81 0 3 0 50 226 6 176 251 27 263 105 216 49 230 266 147 265 179 0 0 0 179 58 0 0 85 199 0 98 65 167 226 207 202 231 
i 261 0 177 183 131 4 274 197 93 260 117 0 165 0 247 0 179 81 0 9 113 125 251 0 229 110 224 0 196 0 0 0 77 16 177 174 0 98 0 251 29 0 253 0 125 0 0 128 214 234 252 0 258 22 0 
i 0 0 240 0 190 0 0 29 194 260 265 0 0 14 9 204 0 81 9 0 242 120 0 178 20 67 75 196 59 186 35 6 272 160 0 86 200 253 207 40 111 146 91 0 0 0 231 181 157 0 0 54 31 130 192 
i 234 0 79 65 0 121 93 123 96 195 200 61 193 168 105 0 262 0 113 242 0 103 34 36 30 250 109 214 127 5 184 24 0 155 21 0 237 248 70 0 197 85 138 47 132 96 266 91 220 0 227 163 222 0 155 
i 42 177 69 0 267 136 149 108 122 217 149 147 185 85 47 234 92 3 125 120 103 0 0 195 149 0 47 106 262 0 141 100 263 0 136 0 0 0 15 75 0 77 228 201 172 157 113 162 164 183 114 148 112 1 134 
i 256 29 206 162 0 52 3 0 125 187 56 30 252 107 275 202 121 0 251 0 34 0 0 0 229 271 214 0 0 174 25 3 0 216 245 3 0 243 0 34 133 257 246 0 202 0 222 0 56 0 274 213 263 0 211 
i 0 66 179 155 55 63 0 7 0 231 171 114 27 0 0 0 47 50 0 178 36 195 0 0 0 0 22 85 37 268 172 0 244 0 137 15 0 3 33 3 66 241 150 79 70 140 94 180 81 0 265 0 207 247 0 
i 0 28 170 0 228 252 0 0 0 4 267 21 189 63 143 50 81 226 229 20 30 149 229 0 0 0 202 99 173 222 0 240 0 42 120 0 158 173 187 73 127 269 122 33 0 248 235 122 261 37 57 41 0 189 0 
i 124 0 0 22 217 0 66 98 42 226 0 0 23 0 261 89 220 6 110 67 250 0 271 0 0 0 57 128 0 0 113 120 275 176 36 186 119 0 115 146 190 254 140 256 0 177 78 0 83 0 94 27 93 164 0 
i 148 263 175 199 0 201 135 175 103 57 87 0 0 0 230 0 118 176 224 75 109 47 214 22 202 57 0 120 82 0 55 213 37 212 0 0 0 250 159 7 0 104 44 236 59 168 151 251 29 144 246 0 0 77 0 
i 169 225 233 95 231 0 79 28 253 117 131 168 115 247 165 0 224 251 0 196 214 106 0 85 99 128 120 0 0 0 91 229 21 100 0 0 0 0 74 57 113 32 8 39 142 0 96 145 219 165 222 0 14 104 71 
i 148 201 167 171 235 136 37 93 0 181 88 37 152 65 40 186 71 27 196 59 127 262 0 37 173 0 82 0 0 73 0 0 218 85 160 106 0 91 5 267 248 24 37 158 267 246 0 49 219 0 59 173 98 100 116 
i 232 0 260 49 194 0 0 76 0 162 209 77 0 81 70 15 77 263 0 186 5 0 174 268 222 0 0 0 73 0 163 273 0 49 185 200 186 200 111 248 160 193 0 184 0 0 199 235 154 177 180 170 272 246 21 
i 121 29 0 264 42 253 0 54 20 124 0 3 266 165 0 141 258 105 0 35 184 141 25 172 0 113 55 91 0 163 0 261 157 0 65 0 79 0 28 13 164 91 40 158 107 163 145 126 0 205 0 169 111 253 0 
i 197 64 0 270 56 54 189 0 188 0 31 138 207 114 239 0 6 216 0 6 24 100 3 0 240 120 213 229 0 273 261 0 224 162 241 150 237 142 242 111 10 136 128 58 70 135 0 254 237 240 272 0 26 50 137 
i 164 0 38 40 91 0 244 188 207 0 0 117 83 251 0 56 40 49 77 272 0 263 0 244 0 275 37 21 218 0 157 224 0 230 20 0 141 108 104 3 111 192 0 31 75 57 244 185 202 2 42 254 0 0 247 
i 207 90 259 0 69 201 68 0 0 80 164 0 188 4 244 171 0 230 16 160 155 0 216 0 42 176 212 100 85 49 0 162 230 0 0 134 0 111 38 259 0 214 32 78 0 198 11 0 0 104 0 0 36 0 246 
i 262 38 123 107 115 142 103 36 77 174 0 0 51 154 130 0 34 266 177 0 21 136 245 137 120 36 0 0 160 185 65 241 20 0 0 207 162 128 207 197 70 0 252 0 76 0 50 0 0 21 186 266 229 0 0 
i 126 17 0 10 218 0 256 0 260 0 0 223 0 0 18 162 0 147 174 86 0 0 3 15 0 186 0 0 106 200 0 150 0 134 207 0 127 0 0 0 0 189 150 97 22 0 35 238 161 0 0 246 59 90 67 
i 215 105 0 95 52 46 178 90 0 97 230 145 103 194 239 85 53 265 0 200 237 0 0 0 158 119 0 0 0 186 79 237 141 0 162 127 0 257 0 64 199 220 224 194 0 48 156 0 179 116 143 193 25 0 0 
i 0 273 0 0 111 157 0 247 129 120 171 183 194 0 56 102 195 179 98 253 248 0 243 3 173 0 250 0 91 200 0 142 108 111 128 0 257 0 194 111 0 0 0 46 163 40 252 233 170 157 0 196 23 188 271 
i 265 170 268 212 0 135 244 74 180 9 0 97 272 27 120 0 237 0 0 207 70 15 0 33 187 115 159 74 5 111 28 242 104 38 207 0 0 194 0 83 0 15 0 77 153 71 130 103 134 108 26 231 134 131 0 
i 26 174 201 227 53 254 272 228 175 253 0 69 144 127 128 0 26 0 251 40 0 75 34 3 73 146 7 57 267 248 13 111 3 259 197 0 64 111 83 0 57 113 104 272 151 167 3 259 0 8 192 200 243 80 126 
i 29 52 8 266 47 256 204 196 108 0 242 212 137 0 236 114 147 0 29 111 197 0 133 66 127 190 0 113 248 160 164 10 111 0 70 0 199 0 0 57 0 147 198 176 0 189 141 0 143 88 85 121 95 0 110 
i 0 187 0 0 107 251 33 0 179 67 142 89 0 161 0 249 203 179 0 146 85 77 257 241 269 254 104 32 24 193 91 136 192 214 0 189 220 0 15 113 147 0 233 0 230 49 177 0 253 221 0 127 49 120 227 
i 156 257 0 40 200 0 259 26 27 104 39 203 222 88 0 0 0 58 253 91 138 228 246 150 122 140 44 8 37 0 40 128 0 32 252 150 224 0 0 104 198 233 0 173 87 99 220 261 0 153 152 227 67 232 161 
i 189 170 163 41 235 0 181 0 0 0 224 210 0 202 0 0 256 0 0 0 47 201 0 79 33 256 236 39 158 184 158 58 31 78 0 97 194 46 77 272 176 0 173 0 86 108 0 0 0 73 0 64 0 149 0 
i 205 169 23 11 161 151 275 41 54 14 0 249 20 0 126 0 24 0 125 0 132 172 202 70 0 0 59 142 267 0 107 70 75 0 76 22 0 163 153 151 0 230 87 86 0 129 0 0 38 0 187 98 0 83 129 
i 142 27 0 2 86 188 220 218 0 175 61 163 85 112 97 31 261 85 0 0 96 157 0 140 248 177 168 0 246 0 163 135 57 198 0 0 48 40 71 167 189 49 99 108 129 0 0 0 246 225 53 87 30 243 0 
i 241 3 47 212 93 0 0 159 9 103 0 0 44 208 0 225 49 199 0 231 266 113 222 94 235 78 151 96 0 199 145 0 244 11 50 35 156 252 130 3 141 177 220 0 0 0 0 161 99 236 139 20 236 0 0 
i 229 208 0 147 24 0 179 0 127 0 248 179 186 19 193 214 83 0 128 181 91 162 0 180 122 0 251 145 49 235 126 254 185 0 0 238 0 233 103 259 0 0 261 0 0 0 161 0 0 0 0 100 26 256 194 
i 146 34 0 0 145 0 63 0 259 143 0 255 250 78 112 225 249 98 214 157 220 164 56 81 261 83 29 219 219 154 0 237 202 0 0 161 179 170 134 0 143 253 0 0 38 246 99 0 0 242 128 181 255 193 158 
i 142 69 136 87 0 256 188 39 0 14 0 69 75 25 32 0 0 65 234 0 0 183 0 0 37 0 144 165 0 177 205 240 2 104 21 0 116 157 108 8 88 221 153 73 0 225 236 0 242 0 27 2 67 227 83 
i 218 41 62 18 168 22 77 10 188 61 168 179 0 44 19 243 186 167 252 0 227 114 274 265 57 94 246 222 59 180 0 272 42 0 186 0 143 0 26 192 85 0 152 0 187 53 139 0 128 27 0 258 0 75 198 
i 41 67 143 18 267 48 93 0 120 2 126 244 60 80 0 0 111 226 0 54 163 148 213 0 41 27 0 0 173 170 169 0 254 0 266 246 193 196 231 200 121 127 227 64 98 87 20 100 181 2 258 0 170 0 133 
i 243 254 30 170 224 40 120 0 32 102 162 168 186 194 0 264 182 207 258 31 222 112 263 207 0 93 0 14 98 272 111 26 0 36 229 59 25 23 134 243 95 49 67 0 0 30 236 26 255 67 0 170 0 231 0 
i 62 0 107 59 21 140 169 82 123 189 132 53 0 0 73 266 111 202 22 130 0 1 0 247 189 164 77 104 100 246 253 50 0 0 0 90 0 188 131 80 0 120 232 149 83 243 0 256 193 227 75 0 231 0 242 
i 262 265 1 266 13 14 69 147 254 0 0 0 57 215 126 250 152 231 0 192 155 134 211 0 0 0 0 71 116 21 0 137 247 246 0 67 0 271 0 126 110 227 161 0 129 0 0 194 158 83 198 133 0 242 0 
