c FILE: yuzSHP155.aco
c
c SOURCE: Yu.Zorin (yzorin@gmail.com)
c
c DESCRIPTION: Random graph instance generated for semester project
c				for AI course
c first line after comment (p) gives problem's size  
c 
p 155 
i 0 1 0 591 530 0 405 0 460 0 0 0 0 128 318 762 748 0 734 0 659 117 720 0 0 348 415 474 415 654 339 556 461 583 738 355 605 0 747 72 81 0 438 532 577 399 677 645 412 398 612 116 683 175 738 390 251 0 126 319 172 7 31 92 99 0 301 97 309 84 0 0 0 0 498 81 185 78 0 739 633 566 0 81 181 0 252 105 48 296 767 479 488 144 527 723 478 474 74 9 586 94 193 115 187 716 0 746 595 672 157 0 299 136 53 0 118 752 723 0 685 0 252 497 676 223 193 579 505 479 0 494 656 470 732 0 0 106 728 345 0 0 0 754 565 23 0 0 458 63 0 131 0 0 384 
i 1 0 174 1 83 300 549 382 433 0 564 206 0 276 0 325 138 0 0 0 691 514 0 183 0 456 436 0 61 560 266 480 138 742 760 111 0 301 28 268 0 597 637 748 0 111 116 31 5 596 412 0 244 50 51 478 165 749 0 367 195 355 543 588 624 561 441 98 0 162 675 369 535 0 751 0 155 643 611 0 651 660 547 117 156 255 194 323 614 147 312 0 149 131 300 562 660 452 240 261 67 408 0 473 753 631 58 36 148 611 284 582 0 0 411 0 135 133 163 599 10 0 341 382 146 177 708 0 564 0 383 0 713 152 0 565 401 0 128 442 378 716 721 707 0 0 425 528 0 0 0 720 62 135 111 
i 0 174 0 393 38 39 61 480 519 0 773 0 542 211 362 0 771 0 261 419 9 0 0 186 379 221 104 0 0 531 686 189 289 722 501 0 686 767 574 92 728 509 774 618 0 504 177 530 217 261 338 475 193 0 0 175 234 158 554 86 299 681 385 554 80 347 304 0 18 0 275 493 77 261 214 152 0 529 0 101 0 252 696 208 640 553 0 71 0 115 615 447 0 0 108 28 0 0 229 413 233 0 317 0 0 321 0 611 0 260 547 270 343 350 0 0 118 288 711 0 0 56 528 582 0 215 732 0 363 506 491 302 502 76 0 150 0 26 357 728 0 530 337 90 346 716 411 0 458 318 706 710 0 0 731 
i 591 1 393 0 733 1 611 526 650 10 636 158 329 509 456 349 0 0 224 489 0 271 337 23 712 0 188 292 0 39 492 289 0 401 37 172 5 288 532 0 0 330 1 723 492 366 465 328 745 563 420 156 481 752 0 245 367 248 589 0 87 0 460 0 0 648 481 0 0 680 401 108 631 0 170 0 699 0 0 472 353 455 371 0 719 0 0 617 0 0 0 0 171 414 84 320 59 0 0 473 103 217 7 387 329 0 0 628 409 514 272 193 596 251 572 592 700 458 0 504 717 193 504 686 471 149 0 0 494 83 673 374 464 0 544 521 709 75 531 63 0 323 428 0 749 583 234 528 143 0 291 547 766 406 385 
i 530 83 38 733 0 0 626 0 55 238 124 522 702 211 0 168 525 0 159 125 280 401 343 0 37 472 238 302 0 176 0 0 696 183 227 465 319 707 11 432 0 546 0 74 356 0 453 247 569 0 313 585 53 218 68 123 226 546 0 605 127 10 525 697 26 296 130 773 0 401 734 647 465 113 197 0 672 0 686 367 49 673 157 337 361 665 0 0 0 353 272 0 543 314 90 52 0 0 204 354 462 0 0 574 0 660 568 0 139 250 0 0 523 42 396 0 157 481 0 456 237 286 0 0 320 700 0 0 0 86 632 603 633 0 685 0 743 750 705 40 503 0 738 259 341 130 227 619 332 630 198 217 725 16 113 
i 0 300 39 1 0 0 0 1 0 148 547 666 71 413 571 0 720 67 736 138 234 701 0 524 313 511 312 428 229 227 0 8 0 139 635 15 495 705 76 740 294 607 137 646 749 414 747 503 0 0 0 505 163 0 0 240 561 0 277 181 470 635 583 568 649 25 317 350 706 0 645 309 629 0 551 0 0 0 217 44 497 489 0 275 0 705 82 0 712 0 351 0 0 361 603 657 710 0 726 61 0 680 338 0 501 54 188 212 552 166 524 99 15 765 451 0 243 562 712 582 113 313 410 257 0 0 0 650 510 443 0 0 152 88 364 540 289 95 100 83 705 305 601 357 12 518 66 0 436 59 0 668 697 196 0 
i 405 549 61 611 626 0 0 555 238 389 131 370 271 748 256 620 0 638 458 625 0 437 0 548 420 0 132 299 737 0 395 280 739 0 383 0 0 0 42 211 0 216 642 565 485 442 317 455 461 515 320 415 313 2 377 0 644 762 601 0 0 490 68 7 0 609 690 7 0 683 0 94 373 722 692 0 568 0 624 0 156 0 770 600 740 0 594 0 0 60 239 103 754 485 0 686 0 385 41 0 7 91 7 185 679 422 222 197 392 263 506 228 0 745 0 583 694 0 0 570 277 485 624 0 674 0 117 337 0 445 488 526 205 357 758 342 92 0 699 662 343 734 105 161 114 0 533 0 158 359 0 0 318 338 773 
i 0 382 480 526 0 1 555 0 496 100 522 333 0 322 411 534 714 395 720 0 497 218 0 232 0 263 74 261 461 0 337 232 0 155 599 102 598 0 0 0 705 448 18 0 293 124 664 165 473 426 706 81 404 692 0 0 215 0 0 0 256 644 58 280 0 0 0 0 207 159 317 91 23 110 400 0 271 408 616 465 626 0 38 291 201 206 0 0 615 238 451 297 0 255 13 753 697 66 104 444 751 693 0 136 615 0 166 487 275 282 325 458 770 0 136 520 564 525 563 312 697 450 542 0 518 0 0 560 662 432 498 506 479 766 693 59 734 440 0 183 0 222 0 77 37 461 255 112 443 301 459 407 355 0 1
i 460 433 519 650 55 0 238 496 0 0 476 311 712 0 630 456 678 423 668 398 680 311 28 383 361 164 195 381 0 716 666 675 766 0 72 139 386 647 57 0 396 303 291 8 311 541 0 86 210 161 685 519 568 5 118 716 0 0 696 0 376 0 313 105 729 0 602 89 218 0 558 30 0 0 293 0 0 100 0 693 581 455 361 583 554 198 0 709 0 214 0 140 0 0 58 523 747 645 0 0 357 0 0 0 0 532 421 273 60 0 97 670 452 0 0 691 166 252 189 723 0 180 561 620 630 545 0 135 439 0 503 325 402 543 68 0 0 545 312 0 0 0 129 458 112 710 657 479 443 0 552 64 530 764 233 
i 0 0 0 10 238 148 389 100 0 0 0 42 0 216 430 199 367 289 377 304 72 649 378 369 0 160 319 292 765 423 471 8 729 0 22 541 561 683 225 353 413 556 495 0 532 396 0 403 248 240 339 266 0 308 656 0 647 136 499 0 713 622 0 356 136 337 639 487 245 278 618 735 0 431 426 639 189 654 452 240 304 0 0 0 206 0 181 0 420 0 361 0 0 105 0 526 274 0 234 362 0 0 693 634 148 243 83 685 0 452 278 664 392 55 664 0 0 0 0 0 280 71 721 547 680 360 508 717 544 445 74 5 188 640 232 725 0 210 557 480 0 373 650 0 682 388 223 198 140 621 0 660 55 558 317 
i 0 564 773 636 124 547 131 522 476 0 0 0 0 10 0 0 175 540 369 766 771 700 216 0 272 0 167 588 0 349 0 706 273 100 254 4 0 107 171 0 65 40 29 60 241 365 215 746 0 0 0 574 242 0 0 687 738 373 499 199 4 156 443 285 32 0 0 0 692 142 56 392 472 0 202 0 72 0 0 462 62 14 697 341 0 0 133 419 652 751 12 465 0 704 381 421 601 593 470 450 751 235 665 0 389 0 350 0 260 391 320 0 0 0 573 691 234 328 0 596 256 354 337 0 736 711 319 312 0 157 130 430 612 81 460 580 772 0 486 0 180 166 544 505 644 0 0 748 499 494 713 462 703 466 768 
i 0 206 0 158 522 666 370 333 311 42 0 0 290 281 0 0 481 746 10 0 0 695 185 109 0 354 417 559 104 607 560 417 596 207 440 676 65 473 0 621 185 729 230 353 104 495 425 0 117 251 270 99 547 695 158 362 623 15 197 608 0 20 0 65 0 0 56 455 345 147 552 0 763 86 714 0 0 0 351 202 0 190 0 107 90 582 675 0 0 0 714 634 21 676 588 0 0 165 7 350 144 0 93 360 584 44 360 379 498 123 412 0 0 0 107 55 0 0 664 0 592 397 712 238 506 295 0 292 290 649 663 455 0 366 734 58 285 398 0 657 0 0 713 636 509 0 505 275 116 376 706 539 417 61 215 
i 0 0 542 329 702 71 271 0 712 0 0 290 0 0 704 402 621 735 0 560 625 482 34 0 325 0 0 748 325 438 0 570 101 0 0 63 749 559 161 0 740 0 0 271 76 730 0 184 0 646 0 0 542 392 126 215 531 746 729 0 0 12 490 240 631 338 0 497 701 672 449 0 33 561 0 0 442 584 330 197 280 303 695 0 235 301 0 703 759 32 743 339 774 0 547 0 688 0 187 487 0 720 109 702 0 161 31 0 692 394 286 98 758 158 0 184 198 50 0 202 198 215 708 56 0 429 694 0 443 456 562 327 509 3 0 387 225 0 0 238 721 238 124 619 555 0 85 622 114 304 40 461 406 733 376 
i 128 276 211 509 211 413 748 322 0 216 10 281 0 0 256 0 107 0 347 0 145 689 510 303 542 0 151 137 0 550 0 616 0 406 410 84 719 264 583 57 320 142 0 568 0 276 0 342 523 688 0 402 237 167 685 0 404 240 380 678 524 0 0 425 644 78 62 250 312 0 354 347 333 0 0 624 0 444 261 2 701 165 124 219 0 742 0 490 0 201 696 339 0 238 0 516 115 582 249 0 308 230 292 742 0 768 637 359 704 87 691 436 0 501 0 0 277 387 0 764 0 0 0 98 0 393 393 14 61 633 0 741 0 453 342 0 396 0 666 137 342 421 243 161 0 107 395 593 208 454 421 444 0 290 573 
i 318 0 362 456 0 571 256 411 630 430 0 0 704 256 0 720 379 0 0 0 243 599 347 0 0 738 45 663 336 0 216 220 480 618 269 322 267 549 0 286 203 465 172 607 420 385 0 364 602 39 478 563 197 531 631 731 0 0 684 601 296 731 382 299 161 0 0 312 301 0 606 352 413 387 577 653 120 28 0 601 211 0 223 692 15 0 0 561 68 534 0 268 0 277 243 528 637 56 202 0 658 397 228 756 0 580 561 0 704 336 0 329 406 439 20 452 634 0 366 601 178 298 102 465 15 401 60 26 629 0 0 774 232 268 0 230 17 659 0 652 0 0 260 169 659 0 3 488 332 298 0 536 677 164 517 
i 762 325 0 349 168 0 620 534 456 199 0 0 402 0 720 0 290 0 384 275 0 313 89 146 214 114 0 0 622 0 534 471 0 279 2 225 264 0 703 463 567 229 289 132 364 5 775 569 304 108 0 0 211 132 445 433 542 484 16 0 688 151 698 346 543 239 0 279 265 235 0 6 0 631 0 320 0 0 70 0 0 0 22 53 364 523 615 0 0 28 0 720 0 199 245 674 236 167 0 499 762 96 406 334 732 407 566 215 749 119 114 0 499 433 710 487 671 548 671 728 596 58 662 482 419 495 0 424 115 0 5 28 533 0 375 0 0 425 54 0 111 0 122 373 260 732 400 415 654 22 727 0 0 453 100 
i 748 138 771 0 525 720 0 714 678 367 175 481 621 107 379 290 0 0 305 255 0 634 698 275 672 0 535 0 488 484 519 480 210 73 464 442 0 344 276 0 230 224 439 737 290 116 190 514 326 492 246 122 342 65 315 724 715 305 109 483 766 273 35 284 486 517 1 297 567 521 0 518 258 350 114 242 503 0 179 0 226 658 211 188 545 0 0 253 104 770 0 340 0 0 395 315 269 264 491 603 0 24 336 0 188 119 595 429 0 265 0 626 627 219 440 371 744 0 298 652 163 248 0 586 250 326 330 448 0 82 443 693 57 387 147 0 0 0 712 716 771 0 365 696 0 556 0 176 90 103 516 431 116 221 0 
i 0 0 0 0 0 67 638 395 423 289 540 746 735 0 0 0 0 0 12 713 293 149 46 0 210 0 544 523 274 46 138 404 92 656 275 502 730 679 29 13 19 0 306 335 440 192 459 0 234 0 557 732 0 323 467 182 646 283 335 391 103 183 0 174 385 0 19 491 184 11 757 516 286 0 0 70 0 479 637 589 0 0 151 495 28 368 728 271 713 0 0 231 163 321 0 404 316 624 0 51 749 603 102 639 526 636 0 162 0 157 0 501 322 508 520 0 434 0 564 49 126 1 692 537 0 403 508 0 586 77 0 715 769 664 492 238 0 678 0 706 717 170 0 0 0 364 0 137 527 325 130 723 31 334 253 
i 734 0 261 224 159 736 458 720 668 377 369 10 0 347 0 384 305 12 0 614 0 154 332 470 0 32 0 513 645 702 0 173 748 245 0 540 0 632 151 0 0 172 650 47 0 0 682 472 114 257 184 295 126 394 418 0 289 0 173 366 603 0 485 0 0 57 248 302 0 411 606 7 0 0 0 0 0 312 28 408 627 76 349 457 241 561 640 0 215 493 356 0 585 112 74 626 0 618 0 8 75 613 0 693 661 0 441 558 414 0 377 308 616 0 0 0 457 0 369 235 599 191 178 359 125 30 0 0 122 0 0 407 558 0 0 172 492 453 0 318 451 0 736 35 34 518 755 733 237 0 0 651 612 618 761 
i 0 0 419 489 125 138 625 0 398 304 766 0 560 0 0 275 255 713 614 0 0 402 27 473 259 51 27 0 553 0 363 129 545 388 639 0 0 408 492 99 340 91 729 312 490 0 158 0 134 445 702 72 659 539 759 606 284 569 397 275 0 0 251 0 424 0 689 248 0 194 0 2 483 760 561 724 132 481 550 557 330 0 0 558 0 40 719 124 760 522 142 223 391 637 646 59 726 388 0 528 404 224 0 0 188 371 0 423 745 0 428 527 183 348 547 335 750 736 438 0 630 529 0 195 521 235 106 517 576 0 173 738 198 0 533 223 0 0 698 264 0 0 519 582 0 394 180 670 0 0 568 0 0 708 138 
i 659 691 9 0 280 234 0 497 680 72 771 0 625 145 243 0 0 293 0 0 0 146 567 0 0 627 537 191 415 487 719 680 448 0 35 414 533 571 597 275 236 64 294 92 742 0 56 293 339 588 386 628 81 62 150 729 141 154 319 741 762 425 304 541 391 237 88 570 0 349 537 23 352 326 744 137 549 549 53 236 460 686 96 761 474 0 754 65 165 3 25 0 0 256 282 584 0 670 562 620 0 476 0 0 569 510 172 421 681 0 690 0 124 206 461 83 751 593 0 744 505 0 39 23 351 0 480 432 142 655 238 373 727 692 0 552 29 89 278 485 679 0 615 0 0 440 577 773 0 477 701 250 365 442 671 
i 117 514 0 271 401 701 437 218 311 649 700 695 482 689 599 313 634 149 154 402 146 0 0 592 0 0 0 0 103 0 561 262 11 0 355 0 0 679 116 686 0 727 0 306 150 0 179 0 521 0 0 503 46 730 359 38 722 227 0 0 0 445 658 45 374 622 710 768 515 331 6 8 72 665 220 0 0 427 0 0 719 142 610 239 0 0 166 136 170 349 742 104 0 437 585 263 48 161 0 449 330 138 0 294 0 0 711 544 0 407 708 448 448 0 9 108 529 54 400 0 233 290 194 0 41 312 407 7 693 0 382 585 0 711 167 0 0 76 503 478 526 317 356 0 0 0 443 692 146 749 0 660 612 0 230 
i 720 0 0 337 343 0 0 0 28 378 216 185 34 510 347 89 698 46 332 27 567 0 0 481 270 267 363 0 363 305 133 426 668 590 0 644 758 0 570 443 519 237 5 389 627 366 692 605 0 726 5 722 285 181 0 771 0 0 541 711 323 0 28 377 629 0 474 664 634 138 174 589 613 298 450 74 18 143 374 256 216 437 388 713 121 163 0 284 81 76 340 50 131 336 241 0 245 0 0 129 0 0 537 0 466 640 52 186 370 0 98 477 259 105 0 0 637 207 169 0 0 0 416 59 278 0 274 0 336 21 659 668 396 602 115 594 0 405 397 199 404 647 555 749 0 507 198 0 409 568 548 758 442 0 151 
i 0 183 186 23 0 524 548 232 383 369 0 109 0 303 0 146 275 0 470 473 0 592 481 0 480 0 0 550 77 23 656 535 0 738 713 75 0 213 225 235 327 674 0 168 184 577 162 336 728 0 100 240 563 120 334 0 55 0 585 66 649 769 177 38 0 552 269 525 0 0 159 380 22 608 29 552 3 715 99 762 0 144 38 490 0 765 272 575 450 355 100 496 385 203 0 306 9 163 163 0 178 175 11 546 180 705 269 467 0 394 0 709 149 148 352 49 289 0 148 25 251 740 573 0 0 730 55 330 31 470 415 634 0 113 427 481 627 0 0 219 678 0 421 260 472 755 694 396 408 441 0 474 0 246 256 
i 0 0 379 712 37 313 420 0 361 0 272 0 325 542 0 214 672 210 0 259 0 0 270 480 0 0 124 395 37 712 135 429 0 64 242 0 0 284 0 561 539 358 439 20 127 494 307 499 511 724 324 101 0 31 471 38 733 116 694 146 54 568 122 183 367 510 539 267 627 335 394 721 758 0 0 0 430 584 221 326 157 593 77 95 702 694 0 0 404 0 0 0 447 624 592 200 322 382 0 0 0 616 0 237 277 297 751 0 255 359 560 473 622 154 464 0 730 0 151 194 0 389 772 0 3 4 365 0 0 0 0 163 134 632 261 735 669 406 143 431 409 265 350 208 0 417 687 0 293 752 613 458 578 160 0 
i 348 456 221 0 472 511 0 263 164 160 0 354 0 0 738 114 0 0 32 51 627 0 267 0 0 0 522 286 103 561 0 526 642 656 306 0 0 365 0 22 1 60 288 442 21 306 483 0 363 766 83 0 513 477 631 720 405 455 516 762 18 98 483 36 0 0 693 602 733 389 405 221 469 703 104 715 0 0 494 0 575 143 494 383 615 275 571 611 736 412 6 642 740 0 0 100 0 424 0 24 0 115 0 290 166 174 665 0 0 509 426 746 116 0 594 534 0 145 90 0 248 425 520 655 547 346 100 234 34 0 579 146 314 100 177 47 0 386 700 389 563 0 43 300 166 757 307 489 0 0 0 436 279 641 762 
i 415 436 104 188 238 312 132 74 195 319 167 417 0 151 45 0 535 544 0 27 537 0 363 0 124 522 0 694 0 592 275 678 0 0 709 311 503 209 0 559 0 0 299 557 105 0 0 0 167 270 0 266 637 609 568 185 529 61 0 436 300 150 673 72 0 70 430 650 0 83 475 663 0 368 36 0 0 339 338 668 565 0 547 0 0 526 412 640 38 293 558 0 0 468 0 168 0 251 0 55 244 470 35 46 684 41 250 202 565 277 112 228 0 493 346 755 452 545 400 0 276 0 636 120 664 303 358 657 612 511 408 680 256 511 549 272 261 0 103 317 568 0 0 658 0 635 463 0 129 653 390 157 531 234 0 
i 474 0 0 292 302 428 299 261 381 292 588 559 748 137 663 0 0 523 513 0 191 0 0 550 395 286 694 0 724 580 0 0 735 385 0 0 719 0 757 426 0 0 282 0 437 301 0 58 759 306 240 0 568 432 628 60 386 0 555 0 678 545 533 456 667 0 95 272 54 0 680 325 128 163 0 0 4 755 422 431 286 747 590 0 130 0 523 84 562 158 650 0 0 0 291 0 749 0 16 0 133 0 88 558 616 0 472 671 653 273 29 615 401 187 24 0 274 314 0 533 47 551 0 0 0 484 602 346 98 247 71 615 0 522 435 0 0 752 553 328 506 617 376 0 235 439 0 693 321 222 770 0 194 175 0 
i 415 61 0 0 0 229 737 461 0 765 0 104 325 0 336 622 488 274 645 553 415 103 363 77 37 103 0 724 0 378 107 0 0 414 656 684 544 0 762 62 511 0 0 320 745 719 0 527 335 475 0 257 562 119 620 613 553 722 298 6 573 0 496 738 518 148 452 0 565 406 112 330 0 0 624 127 566 375 181 0 175 130 0 707 0 592 285 312 154 671 520 0 567 347 492 484 0 354 530 0 32 764 69 639 0 672 0 261 335 0 0 0 246 772 0 474 0 0 0 0 702 705 0 378 611 732 0 33 0 739 650 326 0 0 311 0 23 357 551 313 0 171 237 509 274 161 300 677 101 0 0 288 678 183 634 
i 654 560 531 39 176 227 0 0 716 423 349 607 438 550 0 0 484 46 702 0 487 0 305 23 712 561 592 580 378 0 655 765 0 448 0 121 622 119 115 118 391 432 177 752 703 426 328 0 0 403 556 179 0 176 193 595 27 605 355 452 90 0 0 38 0 407 326 518 722 531 59 0 0 15 544 0 637 357 559 0 237 610 0 352 232 279 664 384 227 125 0 710 553 0 133 0 504 468 527 691 24 451 682 738 215 414 0 232 373 474 149 78 354 572 162 0 135 0 0 0 140 76 162 117 0 273 740 25 128 0 43 0 0 0 625 0 0 25 297 0 432 0 591 0 423 728 363 392 0 393 52 0 20 11 0 
i 339 266 686 492 0 0 395 337 666 471 0 560 0 0 216 534 519 138 0 363 719 561 133 656 135 0 275 0 107 655 0 412 432 0 0 411 79 614 0 13 53 70 0 619 511 724 281 145 354 0 516 572 560 501 0 116 750 86 583 573 0 0 589 351 39 194 764 0 0 140 440 275 477 155 429 0 194 447 239 0 334 73 48 0 759 429 587 355 0 474 0 262 0 0 651 579 0 394 563 446 437 0 92 162 710 312 171 169 747 59 520 394 188 354 747 0 663 374 0 434 343 287 645 33 520 3 0 666 113 0 0 400 0 0 562 164 285 642 160 307 467 169 204 0 0 499 391 26 549 0 597 569 740 611 0 
i 556 480 189 289 0 8 280 232 675 8 706 417 570 616 220 471 480 404 173 129 680 262 426 535 429 526 678 0 0 765 412 0 407 208 341 372 0 0 594 352 590 685 0 0 703 765 775 0 0 624 138 212 613 733 211 478 454 254 366 758 603 0 135 336 309 491 556 729 478 469 53 411 262 564 323 274 483 341 38 0 620 421 80 0 550 8 763 501 429 0 621 213 0 745 195 430 103 0 0 265 393 363 287 0 606 380 0 368 598 0 312 304 424 376 90 171 507 141 259 0 605 773 549 0 147 271 0 0 25 0 82 359 145 81 95 405 7 293 91 463 666 374 0 8 0 148 602 54 645 748 340 597 438 0 23 
i 461 138 289 0 696 0 739 0 766 729 273 596 101 0 480 0 210 92 748 545 448 11 668 0 0 642 0 735 0 0 432 407 0 0 0 132 222 395 135 519 0 443 571 558 481 370 0 258 534 300 268 509 0 477 441 309 304 287 0 257 666 700 616 339 0 469 254 287 673 347 301 384 0 478 0 620 615 429 98 463 653 575 0 0 204 175 344 259 0 281 0 332 0 0 426 0 269 0 0 0 347 0 289 0 487 16 223 592 0 0 57 613 202 473 561 132 343 0 346 373 217 0 0 83 270 0 21 157 694 119 510 572 327 0 720 667 414 448 0 600 488 643 262 0 476 531 0 38 0 346 0 740 22 638 75 
i 583 742 722 401 183 139 0 155 0 0 100 207 0 406 618 279 73 656 245 388 0 0 590 738 64 656 0 385 414 448 0 208 0 0 57 381 463 184 188 0 721 137 41 598 0 355 137 400 0 624 0 432 774 285 461 10 17 659 387 0 160 0 44 284 116 20 178 544 343 497 359 183 626 218 0 0 211 665 0 322 0 283 695 520 602 0 704 0 755 0 617 360 0 604 109 177 0 565 203 75 637 190 225 418 0 30 356 682 0 0 0 667 0 557 382 341 551 306 112 592 11 56 46 394 648 0 0 0 0 284 67 516 609 204 420 770 556 154 0 339 0 0 0 702 757 272 0 285 218 0 290 512 672 32 695 
i 738 760 501 37 227 635 383 599 72 22 254 440 0 410 269 2 464 275 0 639 35 355 0 713 242 306 709 0 656 0 0 341 0 57 0 447 266 37 657 620 483 0 0 498 0 340 0 0 299 0 0 561 269 739 756 664 451 217 0 0 433 315 92 0 0 0 744 644 304 621 313 624 500 774 0 0 614 0 274 313 632 637 107 167 224 438 226 194 0 688 262 301 0 277 0 475 12 0 693 213 210 570 549 651 9 0 0 376 0 643 0 90 316 0 676 0 0 610 567 0 585 617 0 572 0 158 0 260 184 55 0 0 0 64 101 0 107 0 25 406 0 419 454 0 392 131 612 383 339 570 0 383 752 451 219 
i 355 111 0 172 465 15 0 102 139 541 4 676 63 84 322 225 442 502 540 0 414 0 644 75 0 0 311 0 684 121 411 372 132 381 447 0 747 755 318 442 677 20 709 168 611 739 214 761 439 504 0 0 23 0 51 8 0 0 0 770 226 681 264 479 0 109 577 117 175 512 0 655 0 652 149 0 727 544 0 0 0 0 0 382 0 356 609 660 334 426 84 166 0 274 754 354 133 737 563 205 0 126 720 107 443 598 0 350 0 546 598 376 59 0 304 665 240 185 84 130 435 0 120 541 0 195 506 0 0 213 426 0 615 79 208 0 630 0 317 0 399 649 687 757 0 493 0 0 329 492 644 0 0 219 291 
i 605 0 686 5 319 495 0 598 386 561 0 65 749 719 267 264 0 730 0 0 533 0 758 0 0 0 503 719 544 622 79 0 222 463 266 747 0 710 492 214 682 457 0 704 251 615 287 0 428 0 643 101 0 509 583 196 0 0 381 0 336 52 253 672 194 28 338 0 8 0 123 507 0 0 101 31 38 0 0 501 0 25 611 772 713 0 575 486 46 0 584 253 0 0 751 451 197 44 0 671 395 0 149 0 763 118 590 511 66 0 0 251 0 0 0 0 0 0 222 0 606 293 0 732 0 91 681 164 96 19 92 25 615 192 533 254 52 311 588 296 695 626 102 0 0 191 0 749 23 259 0 0 229 0 50 
i 0 301 767 288 707 705 0 0 647 683 107 473 559 264 549 0 344 679 632 408 571 679 0 213 284 365 209 0 0 119 614 0 395 184 37 755 710 0 0 513 50 362 156 0 0 497 149 470 0 226 113 302 0 0 441 368 763 45 151 187 654 403 439 259 433 166 704 411 338 324 208 467 170 0 17 0 0 107 420 0 0 706 268 530 371 548 298 0 354 494 0 753 755 563 433 197 541 0 53 190 512 646 0 0 634 561 50 414 158 395 244 640 0 416 0 699 162 294 0 663 4 333 325 214 0 84 312 154 238 704 0 672 0 119 0 0 0 0 62 430 285 501 454 455 121 187 0 203 169 0 173 609 266 0 42 
i 747 28 574 532 11 76 42 0 57 225 171 0 161 583 0 703 276 29 151 492 597 116 570 225 0 0 0 757 762 115 0 594 135 188 657 318 492 0 0 528 63 537 471 345 0 0 260 545 0 190 654 144 55 0 394 490 577 0 104 419 128 743 332 439 0 213 295 553 0 752 0 310 712 670 0 317 0 0 298 0 136 586 436 393 739 758 500 423 46 526 444 0 214 254 255 0 534 577 571 0 137 742 719 0 472 98 647 0 118 0 0 471 327 0 0 647 258 727 497 0 78 210 158 0 465 749 0 660 229 69 648 0 430 50 21 0 0 202 384 88 423 73 22 0 0 501 0 272 236 358 165 55 661 554 146 
i 72 268 92 0 432 740 211 0 0 353 0 621 0 57 286 463 0 13 0 99 275 686 443 235 561 22 559 426 62 118 13 352 519 0 620 442 214 513 528 0 481 559 374 484 0 505 182 355 165 0 196 0 252 0 34 680 543 749 678 425 695 479 111 173 594 335 94 408 582 0 103 739 385 130 0 693 724 411 114 443 259 279 434 207 0 16 106 144 405 0 566 381 0 642 92 436 0 292 328 718 391 162 515 6 0 612 0 266 14 0 136 651 454 0 38 0 546 141 158 39 0 0 119 771 332 103 751 66 343 6 0 0 753 42 703 441 180 0 201 15 235 419 50 682 689 0 375 54 361 239 407 0 51 637 320 
i 81 0 728 0 0 294 0 705 396 413 65 185 740 320 203 567 230 19 0 340 236 0 519 327 539 1 0 0 511 391 53 590 0 721 483 677 682 50 63 481 0 44 477 356 0 353 397 286 309 149 226 456 215 0 413 0 0 201 403 0 175 746 0 101 97 89 612 382 33 598 749 0 489 0 0 669 59 437 0 16 0 0 0 37 146 34 315 355 305 52 497 443 68 0 0 0 0 180 52 445 768 573 577 272 168 121 224 51 43 593 408 754 0 525 584 683 351 513 272 645 349 597 501 487 104 158 579 195 118 0 120 0 349 0 0 383 690 730 0 0 0 428 425 149 0 0 133 0 679 53 0 424 0 744 0 
i 0 597 509 330 546 607 216 448 303 556 40 729 0 142 465 229 224 0 172 91 64 727 237 674 358 60 0 0 0 432 70 685 443 137 0 20 457 362 537 559 44 0 330 0 446 0 554 626 0 503 497 397 748 541 663 492 48 694 655 705 622 0 0 389 561 686 360 0 290 0 148 364 605 451 250 548 204 0 0 335 586 0 402 263 0 647 10 537 332 356 701 257 0 408 426 184 674 36 0 321 681 583 27 734 679 514 412 37 159 235 510 90 0 695 352 662 565 138 354 0 68 471 257 592 304 90 31 495 576 86 0 413 0 45 161 506 60 0 293 682 737 369 221 0 17 279 0 489 0 0 0 0 208 122 93 
i 438 637 774 1 0 137 642 18 291 495 29 230 0 0 172 289 439 306 650 729 294 0 5 0 439 288 299 282 0 177 0 0 571 41 0 709 0 156 471 374 477 330 0 0 579 753 765 114 206 0 0 641 0 614 498 79 564 636 573 0 0 456 412 0 0 290 341 445 4 0 140 117 0 0 740 134 350 0 256 459 0 174 698 0 655 0 0 182 0 298 729 227 542 234 112 678 381 573 521 220 416 637 0 331 0 748 0 350 598 413 766 108 325 0 223 568 262 717 0 108 249 176 0 448 230 222 0 0 370 0 659 0 676 0 734 0 151 0 439 0 0 0 397 90 282 0 235 174 135 509 349 63 0 188 0 
i 532 748 618 723 74 646 565 0 8 0 60 353 271 568 607 132 737 335 47 312 92 306 389 168 20 442 557 0 320 752 619 0 558 598 498 168 704 0 345 484 356 0 0 0 16 254 0 0 52 23 201 659 725 0 59 726 0 361 666 264 627 500 0 0 743 416 660 242 531 0 734 332 118 0 426 554 452 0 460 491 231 282 291 771 300 281 767 173 444 85 639 68 274 680 0 564 544 0 264 158 535 80 718 0 321 0 654 326 676 372 727 161 717 154 169 0 0 0 445 283 0 719 722 223 379 113 0 0 544 0 674 156 38 0 487 393 334 461 727 0 0 439 746 19 0 91 117 284 0 209 427 205 730 0 332 
i 577 0 0 492 356 749 485 293 311 532 241 104 76 0 420 364 290 440 0 490 742 150 627 184 127 21 105 437 745 703 511 703 481 0 0 611 251 0 0 0 0 446 579 16 0 401 0 153 619 738 0 595 178 499 32 9 0 494 399 258 0 0 148 85 506 76 324 0 0 434 220 599 299 405 602 0 0 0 664 329 0 0 387 40 0 0 336 697 0 370 552 344 296 0 0 139 113 626 503 281 0 0 76 754 0 0 69 557 597 736 167 675 260 377 181 0 520 564 416 359 25 66 384 349 314 0 362 679 547 0 580 520 264 560 455 371 258 670 623 164 686 0 145 446 110 374 520 620 458 147 0 184 515 0 683 
i 399 111 504 366 0 414 442 124 541 396 365 495 730 276 385 5 116 192 0 0 0 0 366 577 494 306 0 301 719 426 724 765 370 355 340 739 615 497 0 505 353 0 753 254 401 0 561 425 377 430 411 581 494 439 44 0 579 0 661 154 0 0 311 591 418 0 512 387 0 583 374 0 660 563 709 139 0 455 234 359 171 517 650 453 345 354 356 761 6 62 205 505 0 738 659 536 722 650 581 658 54 46 0 569 58 52 361 304 211 767 354 453 0 174 162 23 0 647 0 448 0 376 600 0 107 436 624 622 187 766 241 622 0 0 0 622 669 0 260 373 143 0 0 0 651 0 759 722 0 561 302 328 512 399 138 
i 677 116 177 465 453 747 317 664 0 0 215 425 0 0 0 775 190 459 682 158 56 179 692 162 307 483 0 0 0 328 281 775 0 137 0 214 287 149 260 182 397 554 765 0 0 561 0 227 203 0 614 245 0 0 99 77 523 73 0 0 2 204 324 767 457 430 88 620 239 748 499 0 136 448 0 106 0 0 226 151 726 0 589 528 0 0 355 476 253 0 0 304 231 0 167 354 376 83 106 498 0 545 0 0 262 299 0 410 671 0 0 0 595 0 607 644 0 590 60 696 154 717 34 751 254 108 215 450 280 0 326 527 669 188 0 559 157 0 285 366 594 378 160 0 0 104 27 600 467 587 218 0 199 281 771 
i 645 31 530 328 247 503 455 165 86 403 746 0 184 342 364 569 514 0 472 0 293 0 605 336 499 0 0 58 527 0 145 0 258 400 0 761 0 470 545 355 286 626 114 0 153 425 227 0 89 686 0 450 0 614 651 0 456 275 271 385 516 60 312 376 184 0 0 736 47 498 712 135 254 434 117 212 0 222 365 136 0 470 611 34 0 703 387 0 70 469 170 0 179 435 142 244 665 630 0 237 459 609 591 81 199 0 53 689 421 707 631 0 0 228 384 349 88 412 92 748 28 0 53 226 634 0 0 348 0 0 422 83 591 0 500 115 16 155 323 262 144 592 753 0 0 0 0 116 570 368 0 33 483 718 296 
i 412 5 217 745 569 0 461 473 210 248 0 117 0 523 602 304 326 234 114 134 339 521 0 728 511 363 167 759 335 0 354 0 534 0 299 439 428 0 0 165 309 0 206 52 619 377 203 89 0 711 86 312 0 0 594 569 666 0 340 576 148 166 0 367 420 760 294 113 457 419 170 392 586 271 0 624 0 479 379 23 431 598 0 585 335 323 0 634 68 154 370 73 0 366 741 0 688 577 474 111 0 244 18 400 0 494 0 276 248 137 239 559 445 79 758 0 690 0 433 204 458 204 137 461 0 67 56 50 594 193 0 146 136 275 731 566 645 730 588 120 0 0 224 692 146 163 0 408 114 121 0 0 42 582 8 
i 398 596 261 563 0 0 515 426 161 240 0 251 646 688 39 108 492 0 257 445 588 0 726 0 724 766 270 306 475 403 0 624 300 624 0 504 0 226 190 0 149 503 0 23 738 430 0 686 711 0 50 181 658 250 234 0 564 5 373 341 389 0 379 720 221 60 540 80 58 254 76 509 470 0 356 619 486 189 519 0 690 44 196 483 59 0 475 0 115 601 0 698 425 384 0 0 502 0 115 120 652 470 462 511 94 0 481 736 708 644 519 775 0 0 626 421 58 515 315 0 640 491 0 430 56 0 35 25 0 401 73 341 726 19 723 632 625 0 289 709 0 482 57 102 227 530 0 0 0 737 352 145 342 0 0 
i 612 412 338 420 313 0 320 706 685 339 0 270 0 0 478 0 246 557 184 702 386 0 5 100 324 83 0 240 0 556 516 138 268 0 0 0 643 113 654 196 226 497 0 201 0 411 614 0 86 50 0 192 68 143 0 0 0 51 672 654 226 702 471 391 0 316 0 374 0 558 0 317 537 0 0 564 406 555 166 681 0 751 215 169 466 0 313 342 323 0 234 762 196 466 428 311 49 101 464 413 0 0 190 0 566 589 422 463 401 194 0 626 0 0 641 55 241 364 22 0 637 598 0 188 486 696 0 0 175 363 196 240 84 4 239 489 229 283 132 294 332 382 446 661 151 348 672 0 333 771 345 0 317 474 0 
i 116 0 475 156 585 505 415 81 519 266 574 99 0 402 563 0 122 732 295 72 628 503 722 240 101 0 266 0 257 179 572 212 509 432 561 0 101 302 144 0 456 397 641 659 595 581 245 450 312 181 192 0 57 301 352 0 130 426 112 245 0 738 715 642 628 677 325 396 561 0 107 279 0 635 43 0 658 0 479 622 719 121 82 0 418 286 458 500 381 437 0 481 763 0 89 261 595 744 12 600 113 317 575 562 553 690 0 0 26 160 454 11 264 0 528 0 321 193 4 0 417 0 525 0 764 618 338 0 724 0 0 0 0 379 550 0 0 626 178 729 432 227 634 0 113 143 195 0 174 0 599 671 0 64 360 
i 683 244 193 481 53 163 313 404 568 0 242 547 542 237 197 211 342 0 126 659 81 46 285 563 0 513 637 568 562 0 560 613 0 774 269 23 0 0 55 252 215 748 0 725 178 494 0 0 0 658 68 57 0 0 0 705 0 0 388 546 538 398 102 130 0 747 215 317 259 0 739 529 440 0 266 551 337 67 179 539 0 432 21 268 149 347 21 768 292 355 587 565 250 326 47 595 133 169 584 282 0 444 422 0 537 265 0 579 0 0 466 740 0 0 142 651 239 625 470 141 699 167 0 200 406 0 618 468 279 521 740 622 175 94 75 649 538 718 17 349 762 35 153 150 467 678 167 236 478 281 153 36 379 0 79 
i 175 50 0 752 218 0 2 692 5 308 0 695 392 167 531 132 65 323 394 539 62 730 181 120 31 477 609 432 119 176 501 733 477 285 739 0 509 0 0 0 0 541 614 0 499 439 0 614 0 250 143 301 0 0 69 0 2 0 302 289 359 41 527 444 0 309 115 202 439 623 105 52 580 364 0 103 0 489 0 532 188 0 269 54 287 727 232 0 222 662 435 535 511 5 661 38 167 693 0 617 0 439 490 0 709 0 0 24 580 551 137 383 668 308 7 260 504 0 725 331 368 38 285 0 556 698 736 0 697 74 0 638 207 707 0 0 65 748 552 0 701 464 0 5 741 108 728 246 280 196 98 427 109 171 446 
i 738 51 0 0 68 0 377 0 118 656 0 158 126 685 631 445 315 467 418 759 150 359 0 334 471 631 568 628 620 193 0 211 441 461 756 51 583 441 394 34 413 663 498 59 32 44 99 651 594 234 0 352 0 69 0 80 183 93 0 0 0 431 210 741 485 565 0 472 504 0 133 0 564 638 669 411 0 198 476 0 258 569 385 190 678 64 366 414 674 21 75 386 216 90 461 656 611 585 473 8 684 723 0 160 767 741 32 242 0 396 692 213 251 457 503 342 697 461 0 2 382 148 12 0 641 0 0 497 709 0 0 650 419 519 178 576 0 0 641 0 0 180 151 0 710 16 0 692 526 449 448 0 678 577 671 
i 390 478 175 245 123 240 0 0 716 0 687 362 215 0 731 433 724 182 0 606 729 38 771 0 38 720 185 60 613 595 116 478 309 10 664 8 196 368 490 680 0 492 79 726 9 0 77 0 569 0 0 0 705 0 80 0 600 716 460 329 0 705 66 346 508 374 0 565 0 573 0 7 426 423 654 640 220 0 0 470 539 122 0 478 771 0 657 0 122 0 295 0 162 0 639 51 528 424 145 439 559 545 489 38 324 521 221 0 627 454 9 153 643 774 532 79 0 248 163 0 0 0 508 157 0 65 396 274 0 0 0 57 247 512 677 737 77 161 196 98 729 0 732 0 0 424 407 421 452 66 0 757 541 511 172 
i 251 165 234 367 226 561 644 215 0 647 738 623 531 404 0 542 715 646 289 284 141 722 0 55 733 405 529 386 553 27 750 454 304 17 451 0 0 763 577 543 0 48 564 0 0 579 523 456 666 564 0 130 0 2 183 600 0 0 0 86 0 542 0 431 433 182 290 566 0 37 744 471 368 202 535 56 0 0 0 711 23 658 773 717 438 0 0 445 468 80 0 513 196 0 603 710 246 247 248 736 46 175 21 341 87 500 0 448 413 564 0 271 146 313 231 634 388 551 637 208 560 163 648 96 586 154 172 21 0 697 91 591 0 392 0 615 690 645 585 12 724 71 513 0 286 0 569 0 393 591 334 27 209 230 0 
i 0 749 158 248 546 0 762 0 0 136 373 15 746 240 0 484 305 283 0 569 154 227 0 0 116 455 61 0 722 605 86 254 287 659 217 0 0 45 0 749 201 694 636 361 494 0 73 275 0 5 51 426 0 0 93 716 0 0 371 564 0 184 0 400 570 768 86 69 359 189 634 363 0 753 676 690 673 63 585 433 0 551 100 326 680 578 408 759 0 297 638 0 343 206 370 414 0 0 165 27 0 424 672 571 202 0 209 322 0 432 506 214 171 215 0 0 349 0 29 130 468 405 451 227 0 583 153 94 773 621 219 0 0 445 518 0 585 26 275 761 166 292 662 731 585 41 0 0 277 10 725 0 0 633 0 
i 126 0 554 589 0 277 601 0 696 499 499 197 729 380 684 16 109 335 173 397 319 0 541 585 694 516 0 555 298 355 583 366 0 387 0 0 381 151 104 678 403 655 573 666 399 661 0 271 340 373 672 112 388 302 0 460 0 371 0 0 168 138 615 0 328 725 279 0 378 69 358 654 189 0 424 423 266 740 652 529 0 406 0 299 706 0 179 0 0 643 521 477 202 520 359 0 0 43 0 209 112 0 322 548 486 446 116 474 488 28 10 0 0 540 0 108 193 0 333 0 232 490 616 360 406 391 410 292 356 656 242 391 195 401 0 0 0 0 0 602 25 631 28 611 330 0 594 247 183 73 544 22 761 0 731 
i 319 367 86 0 605 181 0 0 0 0 199 608 0 678 601 0 483 391 366 275 741 0 711 66 146 762 436 0 6 452 573 758 257 0 0 770 0 187 419 425 0 705 0 264 258 154 0 385 576 341 654 245 546 289 0 329 86 564 0 0 46 195 0 117 110 0 123 699 75 757 0 126 395 222 382 0 237 547 499 370 475 256 185 721 654 164 0 241 392 695 376 127 167 524 0 493 0 26 48 0 377 0 434 345 113 244 434 719 37 241 458 0 298 244 268 219 0 438 170 450 311 736 169 359 0 483 0 545 0 253 294 754 292 280 573 324 0 0 742 0 338 747 155 385 477 273 0 586 79 0 0 710 555 270 0 
i 172 195 299 87 127 470 0 256 376 713 4 0 0 524 296 688 766 103 603 0 762 0 323 649 54 18 300 678 573 90 0 603 666 160 433 226 336 654 128 695 175 622 0 627 0 0 2 516 148 389 226 0 538 359 0 0 0 0 168 46 0 593 345 0 237 662 301 363 259 228 387 582 490 0 528 259 94 0 326 33 475 0 215 403 573 0 214 86 0 710 739 570 180 764 759 441 421 678 325 0 0 437 0 0 239 0 507 5 0 621 298 0 0 0 500 0 300 230 566 461 172 628 649 0 305 606 0 537 244 626 338 600 475 707 90 92 0 0 697 514 0 0 767 386 0 63 583 0 533 0 172 311 618 480 0 
i 7 355 681 0 10 635 490 644 0 622 156 20 12 0 731 151 273 183 0 0 425 445 0 769 568 98 150 545 0 0 0 0 700 0 315 681 52 403 743 479 746 0 456 500 0 0 204 60 166 0 702 738 398 41 431 705 542 184 138 195 593 0 756 0 252 53 571 0 332 0 0 0 498 527 364 634 128 743 0 0 343 0 707 578 418 669 0 17 38 109 452 156 511 299 0 293 0 590 0 483 173 582 532 4 9 505 0 0 409 0 0 477 0 351 300 0 466 674 160 0 753 0 0 207 73 577 314 0 0 617 341 229 107 0 642 0 327 0 477 0 57 0 362 399 60 508 211 106 511 330 470 594 55 342 668 
i 31 543 385 460 525 583 68 58 313 0 443 0 490 0 382 698 35 0 485 251 304 658 28 177 122 483 673 533 496 0 589 135 616 44 92 264 253 439 332 111 0 0 412 0 148 311 324 312 0 379 471 715 102 527 210 66 0 0 615 0 345 756 0 171 309 42 258 353 587 682 310 0 204 744 657 246 587 453 59 0 238 6 140 234 16 733 747 74 199 75 267 609 194 322 757 0 0 342 421 561 231 762 0 0 587 754 0 388 285 92 0 0 478 691 189 654 0 636 454 2 649 514 0 515 49 0 470 648 474 318 488 346 567 96 437 574 471 237 697 198 0 332 406 167 255 26 111 620 462 0 0 701 0 221 560 
i 92 588 554 0 697 568 7 280 105 356 285 65 240 425 299 346 284 174 0 0 541 45 377 38 183 36 72 456 738 38 351 336 339 284 0 479 672 259 439 173 101 389 0 0 85 591 767 376 367 720 391 642 130 444 741 346 431 400 0 117 0 0 171 0 186 237 124 465 0 645 99 407 391 524 683 151 662 0 679 59 235 332 388 85 474 290 277 352 340 671 256 0 310 0 44 235 0 0 0 0 46 0 623 200 338 217 0 743 558 17 537 0 462 585 160 624 0 626 741 163 0 0 333 290 289 426 477 736 449 0 136 624 544 373 0 83 358 181 445 527 0 477 214 618 0 0 380 526 423 0 333 381 409 11 443 
i 99 624 80 0 26 649 0 0 729 136 32 0 631 644 161 543 486 385 0 424 391 374 629 0 367 0 0 667 518 0 39 309 0 116 0 0 194 433 0 594 97 561 0 743 506 418 457 184 420 221 0 628 0 0 485 508 433 570 328 110 237 252 309 186 0 579 490 762 709 734 508 430 9 330 212 402 296 642 43 81 148 0 78 0 274 597 741 302 703 0 102 752 680 0 0 0 507 640 0 15 238 193 129 0 463 191 657 0 232 0 34 0 739 0 352 730 475 0 566 41 602 276 759 0 318 341 567 0 268 230 0 673 0 0 609 0 33 585 567 124 190 695 204 0 729 210 45 294 0 0 0 0 736 526 408 
i 0 561 347 648 296 25 609 0 0 337 0 0 338 78 0 239 517 0 57 0 237 622 0 552 510 0 70 0 148 407 194 491 469 20 0 109 28 166 213 335 89 686 290 416 76 0 430 0 760 60 316 677 747 309 565 374 182 768 725 0 662 53 42 237 579 0 0 405 0 342 182 629 0 0 199 535 316 567 164 615 724 176 168 540 610 16 181 566 455 47 267 226 439 750 412 0 503 477 0 523 139 500 90 395 0 696 0 19 281 621 413 571 652 665 698 155 486 84 152 700 0 647 0 582 0 653 0 401 0 676 0 0 682 159 0 576 308 0 210 644 421 365 386 192 0 665 0 0 209 274 0 0 558 427 728 
i 301 441 304 481 130 317 690 0 602 639 0 56 0 62 0 0 1 19 248 689 88 710 474 269 539 693 430 95 452 326 764 556 254 178 744 577 338 704 295 94 612 360 341 660 324 512 88 0 294 540 0 325 215 115 0 0 290 86 279 123 301 571 258 124 490 0 0 336 481 415 0 148 85 623 0 719 355 0 334 770 456 221 671 113 534 204 0 667 191 42 361 0 0 160 73 468 0 423 0 144 714 198 22 633 0 0 488 638 177 261 632 520 52 485 153 0 648 0 0 59 722 42 0 11 727 405 72 0 0 361 437 0 0 200 0 0 504 729 599 0 235 396 515 0 159 217 313 260 347 521 320 97 3 719 0 
i 97 98 0 0 773 350 7 0 89 487 0 455 497 250 312 279 297 491 302 248 570 768 664 525 267 602 650 272 0 518 0 729 287 544 644 117 0 411 553 408 382 0 445 242 0 387 620 736 113 80 374 396 317 202 472 565 566 69 0 699 363 0 353 465 762 405 336 0 169 258 721 546 547 127 0 0 525 110 0 131 331 0 563 773 0 0 576 427 503 583 84 364 646 278 215 738 608 0 464 435 0 0 323 516 707 587 260 73 163 0 760 744 320 0 298 329 113 0 530 182 336 112 717 376 78 37 388 179 438 108 405 368 756 418 0 0 404 185 357 0 428 409 252 761 474 481 734 455 619 768 480 0 0 50 219 
i 309 0 18 0 0 706 0 207 218 245 692 345 701 312 301 265 567 184 0 0 0 515 634 0 627 733 0 54 565 722 0 478 673 343 304 175 8 338 0 582 33 290 4 531 0 0 239 47 457 58 0 561 259 439 504 0 0 359 378 75 259 332 587 0 709 0 481 169 0 290 77 239 0 773 529 0 579 692 707 34 229 264 0 597 108 0 591 0 745 0 489 337 608 144 522 0 548 0 538 279 0 747 0 774 533 0 47 198 0 530 0 0 95 0 0 0 676 582 211 0 759 163 294 464 2 541 0 0 574 55 0 0 487 41 204 555 63 258 123 0 0 272 44 0 391 26 507 320 135 475 317 110 231 10 0 
i 84 162 0 680 401 0 683 159 0 278 142 147 672 0 0 235 521 11 411 194 349 331 138 0 335 389 83 0 406 531 140 469 347 497 621 512 0 324 752 0 598 0 0 0 434 583 748 498 419 254 558 0 0 623 0 573 37 189 69 757 228 0 682 645 734 342 415 258 290 0 167 0 195 209 0 687 183 429 416 0 772 230 0 196 552 49 251 0 302 0 0 228 685 364 239 230 0 240 434 443 0 457 685 0 248 0 0 462 334 566 0 76 721 0 474 90 750 0 122 520 611 190 475 349 683 388 528 709 659 43 222 731 511 225 772 307 0 279 0 731 397 424 526 393 156 696 308 551 0 0 678 0 450 667 0 
i 0 675 275 401 734 645 0 317 558 618 56 552 449 354 606 0 0 757 606 0 537 6 174 159 394 405 475 680 112 59 440 53 301 359 313 0 123 208 0 103 749 148 140 734 220 374 499 712 170 76 0 107 739 105 133 0 744 634 358 0 387 0 310 99 508 182 0 721 77 167 0 0 0 283 698 247 0 117 597 31 0 610 757 0 595 92 261 568 0 0 235 453 0 160 741 331 0 0 775 426 191 469 481 606 126 628 672 74 319 599 652 311 222 0 0 0 121 705 401 550 542 164 169 233 213 157 247 0 61 66 572 0 139 607 152 0 694 121 0 282 0 733 653 0 15 117 0 0 0 376 755 102 0 0 0 
i 0 369 493 108 647 309 94 91 30 735 392 0 0 347 352 6 518 516 7 2 23 8 589 380 721 221 663 325 330 0 275 411 384 183 624 655 507 467 310 739 0 364 117 332 599 0 0 135 392 509 317 279 529 52 0 7 471 363 654 126 582 0 0 407 430 629 148 546 239 0 0 0 150 0 45 767 329 87 199 436 730 0 0 695 59 0 750 0 136 0 730 616 237 151 0 89 0 356 0 0 0 180 586 467 90 491 458 538 377 656 748 488 0 749 0 0 324 0 695 254 209 0 775 0 225 232 0 254 378 372 0 127 236 0 400 0 468 738 324 765 307 0 194 744 608 527 20 0 543 0 26 737 0 0 589 
i 0 535 77 631 465 629 373 23 0 0 472 763 33 333 413 0 258 286 0 483 352 72 613 22 758 469 0 128 0 0 477 262 0 626 500 0 0 170 712 385 489 605 0 118 299 660 136 254 586 470 537 0 440 580 564 426 368 0 189 395 490 498 204 391 9 0 85 547 0 195 0 150 0 30 549 249 675 245 677 191 206 0 535 0 364 413 625 703 11 294 26 745 449 78 564 0 0 774 0 579 238 197 0 723 265 700 333 422 236 0 156 165 543 0 659 620 558 694 754 0 485 357 0 458 720 0 0 293 593 734 0 43 641 0 30 653 240 228 407 547 0 759 0 622 691 192 474 118 227 0 480 680 714 55 424 
i 0 0 261 0 113 0 722 110 0 431 0 86 561 0 387 631 350 0 0 760 326 665 298 608 0 703 368 163 0 15 155 564 478 218 774 652 0 0 670 130 0 451 0 0 405 563 448 434 271 0 0 635 0 364 638 423 202 753 0 222 0 527 744 524 330 0 623 127 773 209 283 0 30 0 91 544 143 643 711 365 445 10 0 0 600 0 0 242 440 511 274 0 645 0 622 0 727 178 252 0 772 36 12 345 0 596 653 0 399 608 0 0 334 210 373 70 137 704 0 498 0 314 564 758 0 133 363 0 0 0 229 91 0 399 0 748 531 245 65 187 150 696 0 29 0 93 709 730 627 0 698 532 276 101 724 
